Loading mnist dataset
Normalizing the dataset
Reshaping dataset
Converting to python list
Converting to cupy arrays
[[0. 0. 0. ... 0. 0. 0.]
 [0. 0. 0. ... 0. 0. 0.]
 [0. 0. 0. ... 0. 0. 0.]
 ...
 [0. 0. 0. ... 0. 0. 0.]
 [0. 0. 0. ... 0. 0. 0.]
 [0. 0. 0. ... 0. 0. 0.]]
Converting to cupy stack
[[0. 0. 0. ... 0. 0. 0.]
 [0. 0. 0. ... 0. 0. 0.]
 [0. 0. 0. ... 0. 0. 0.]
 ...
 [0. 0. 0. ... 0. 0. 0.]
 [0. 0. 0. ... 0. 0. 0.]
 [0. 0. 0. ... 0. 0. 0.]]
Creating labels
[0. 0. 0. 0. 0. 1. 0. 0. 0. 0.]
labels shape
(60000, 10)
data shape
(60000, 784)
Model info
{'cost': 'mse', 'learn_rate': 0.0001, 'decay_rate': 1e-05, 'weight_decay': 0.99, 'activation': 'tanh', 'input_size': 784, 'output_size': 10, 'n_layers': 4}
Input of layer: [102.97819944 101.22961111  96.10466689  99.01240092 102.74206966
  96.98606916 105.47767179 100.53931239 109.18852086 101.60344095]
Activations of layer: [1. 1. 1. 1. 1. 1. 1. 1. 1. 1.]
Expected activation: [0. 0. 0. 0. 0. 1. 0. 0. 0. 0.]
dE/dY: [1. 1. 1. 1. 1. 0. 1. 1. 1. 1.]
Tanh derivative: [102.97819944 101.22961111  96.10466689  99.01240092 102.74206966
  96.98606916 105.47767179 100.53931239 109.18852086 101.60344095]
dact: [6.97698121e+88 2.11282260e+87 7.47124613e+82 2.50621734e+85
 4.35078710e+88 4.35481114e+83 1.03438367e+91 5.31223378e+86
 1.72935520e+94 4.46238975e+87]
Tanh derivative: [102.97819944 101.22961111  96.10466689  99.01240092 102.74206966
  96.98606916 105.47767179 100.53931239 109.18852086 101.60344095]
dEdx = dact(x) * dEdy = [6.97698121e+88 2.11282260e+87 7.47124613e+82 2.50621734e+85
 4.35078710e+88 0.00000000e+00 1.03438367e+91 5.31223378e+86
 1.72935520e+94 4.46238975e+87]
dE/dx = d/dx activation(x) * dE/dy [6.97698121e+88 2.11282260e+87 7.47124613e+82 2.50621734e+85
 4.35078710e+88 0.00000000e+00 1.03438367e+91 5.31223378e+86
 1.72935520e+94 4.46238975e+87]
dEdW
[[6.97698121e+88 2.11282260e+87 7.47124613e+82 ... 5.31223378e+86
  1.72935520e+94 4.46238975e+87]
 [6.97698121e+88 2.11282260e+87 7.47124613e+82 ... 5.31223378e+86
  1.72935520e+94 4.46238975e+87]
 [6.97698121e+88 2.11282260e+87 7.47124613e+82 ... 5.31223378e+86
  1.72935520e+94 4.46238975e+87]
 ...
 [6.97698121e+88 2.11282260e+87 7.47124613e+82 ... 5.31223378e+86
  1.72935520e+94 4.46238975e+87]
 [6.97698121e+88 2.11282260e+87 7.47124613e+82 ... 5.31223378e+86
  1.72935520e+94 4.46238975e+87]
 [6.97698121e+88 2.11282260e+87 7.47124613e+82 ... 5.31223378e+86
  1.72935520e+94 4.46238975e+87]]
Tanh derivative: [ 98.19285164 102.8599569   97.01137143  97.20318195 109.96701862
  98.16649923 100.95154315 107.1340889  101.3144094  103.6225092
  98.15256921  94.10779819  98.46570127  96.22753184  98.01080998
  97.84624665 104.19418398 100.6262643   97.60822098  97.91906181
  90.80083191 100.29880289 101.60415613 100.00921546  98.70203446
 102.06383201  93.58896865  98.03681756  95.02336413  93.12860855
  98.05929578  98.87819688  95.37690187 105.23006154  96.46063945
  95.24272089  94.53429412  96.17261931  97.72640808 103.22836717
  92.77109903 100.37102159  97.03182062 101.87859999  99.27439372
 104.55233683  93.62543381  97.76683821 101.15177584 102.29126044
  96.38112929 105.27901639 102.4581982  100.97936441 101.46052171
  96.21079769 103.42679277  99.71075507  97.86891569 101.90818521
 105.11567315  96.61850321 101.26647737  97.90223465 106.22594602
 112.22167308 103.7181015  102.05501995  95.53323312  94.33933509
 102.70378366 105.19674247 100.39120446 103.77632921  96.71031176
 103.45079845  91.19447682  99.72609296  98.85744014 101.91344678
 105.70035564  98.63097367 104.99453762  90.91768251  96.44978137
 101.93575565 113.20116812  94.14711699 103.79809958 101.12049187
  94.43258606 101.91407096  98.99706724  99.60369682  94.41387253
  94.00648089  97.53492109 103.03094394  97.0832724   99.79841986
 107.61355149 101.84146678  94.29568847  95.29438472 101.57924423
 100.9841323   96.03087565  98.49505371  97.55905623  97.77368504
  97.84156003  94.6911779  105.55757623  96.61547335 101.79141351
  99.46527501 100.10955283  99.3160516  101.58814598  99.565724
  97.24739982 104.69970592 100.12396052  97.36810476 101.36155729
  98.77731222 100.08686077  98.04829162 107.14433249  99.42658331
 105.05926448  98.62455764  97.6202339   92.22072745  93.10521088
 108.9456564   89.49012133  91.38929326  96.30007927  95.54510817
 110.2171617   92.8224749   95.54677431 105.38356046  98.4281775
 101.45766242  87.90779069 101.10046876  97.86496202 103.37472003
 102.80427963  98.56926885 102.21299212  99.12176294 102.82651829
  95.26147741 100.906913   102.96382354  99.7864004  100.54697047
  93.91524871  94.2791832   95.6104656  103.95592139  99.24160321
 101.25106987 105.80700913  93.46898602  96.02007134  95.01219431
 101.39882534 101.18821754 105.40815421 101.48097001  97.5239222
  95.54429411  99.3241293  100.5535133   98.86466469  97.66455734
 101.60752262 100.02612434  97.82991193  92.78075817 103.86026014
  92.35051655 102.44794501  93.421094    93.46804875 100.9621345
  98.64679246 100.76939969  99.97090478  97.71179968  94.87745412
  99.47977902  96.03667391  98.95761876 103.30945344  96.53182346]
dEdW
[[-1.44069160e+269 -1.63067403e+273 -1.35628313e+268 ... -6.65027053e+269
  -4.00677431e+273 -5.19780861e+267]
 [-1.44069160e+269 -1.63067403e+273 -1.35628313e+268 ... -6.65027053e+269
  -4.00677431e+273 -5.19780861e+267]
 [-1.44069160e+269 -1.63067403e+273 -1.35628313e+268 ... -6.65027053e+269
  -4.00677431e+273 -5.19780861e+267]
 ...
 [-1.44069160e+269 -1.63067403e+273 -1.35628313e+268 ... -6.65027053e+269
  -4.00677431e+273 -5.19780861e+267]
 [-1.44069160e+269 -1.63067403e+273 -1.35628313e+268 ... -6.65027053e+269
  -4.00677431e+273 -5.19780861e+267]
 [-1.44069160e+269 -1.63067403e+273 -1.35628313e+268 ... -6.65027053e+269
  -4.00677431e+273 -5.19780861e+267]]
Tanh derivative: [42.9167374  44.93861363 45.73086554 40.98528269 42.99729181 42.3802537
 43.26051204 45.38700741 42.08304918 38.75476498 41.19604461 42.65255528
 45.98348653 42.54449925 43.7002636  40.36260386 43.50360277 48.83108201
 41.5217671  44.92399882 44.0586458  45.72679972 44.59425798 46.01436304
 46.06277694 41.60717181 41.59986041 43.01551166 44.59233519 41.97540054
 41.59820426 45.32074429 39.23791587 45.25934581 46.02611554 43.52080649
 46.64088768 42.56984407 42.07765259 41.39057426 40.36480189 38.82785576
 45.38370312 39.27649663 43.47710464 46.32380907 42.17902567 45.40891034
 43.94462777 47.05895761 45.01170137 44.7464301  41.76614147 40.75940606
 42.58955537 43.58974536 43.68162896 41.91471268 43.55266653 41.24181255
 45.84029553 46.29802835 43.34494311 47.71497791 45.79619501 45.36575727
 41.59733057 44.92946786 46.63629074 44.2087423  41.99268551 43.90042171
 44.98673554 47.07325938 42.86683085 44.83148275 41.83833745 44.60351024
 48.85381982 39.83399397 46.90180462 42.74082127 46.27041328 43.20336417
 44.55131515 42.71948203 44.28737466 44.57878574 44.20121936 43.33671521
 44.23190884 40.29575089 41.42386769 39.86336251 40.36457781 45.48182697
 41.3171369  47.02383702 49.55443082 43.98414852 42.51737385 44.96285722
 43.5482488  43.58328192 45.39951705 41.22004845 46.96090969 44.87492421
 46.70218252 45.83065144 46.16661015 46.95416311 42.53930997 43.30120743
 45.82905092 44.78673295 40.10929163 41.63402417 47.17759445 45.41221743
 41.93265467 40.50730144 39.81591446 40.2112094  42.87255035 41.78032014
 46.56429831 44.19502881 42.95962579 44.8267059  46.67923607 45.31398364
 43.09034755 43.10688834 45.30972859 44.24661076 41.48847953 44.89299965
 45.25234019 41.58328136 43.30327192 40.96863821 42.93560531 41.54593967
 45.62826146 42.6131329  43.51703086 41.63603721 45.44260604 47.16043402
 44.05938268 45.87985576 46.55405529 43.07510791 39.59976933 46.16150416
 41.11341944 39.94175397 44.07520664 43.36895352 41.04680105 41.79989209
 40.84874946 44.46177157 48.81958464 44.50168489 38.36336361 43.42039416
 41.23196205 41.37975142 41.57747694 46.17560577 41.2702839  46.50379235
 39.42465773 41.09473341 46.08801909 45.05911883 42.88410023 46.53014996
 45.75005842 43.19800243 39.45156136 46.90436235 44.002233   45.25302416
 44.43588715 44.63162789 41.18166845 45.65365421 44.73961451 44.33255561
 45.30941575 39.1241791  44.86817903 41.98957965 44.78652263 45.43626645
 39.50500977 46.46255309]
dEdW
[[-inf -inf -inf ... -inf -inf -inf]
 [-inf -inf -inf ... -inf -inf -inf]
 [-inf -inf -inf ... -inf -inf -inf]
 ...
 [-inf -inf -inf ... -inf -inf -inf]
 [-inf -inf -inf ... -inf -inf -inf]
 [-inf -inf -inf ... -inf -inf -inf]]
